100
26.5631 6.6993 -29.5988 24 25
99.4322 0.4915 0.6997 25 74
100.0 0.0053 -0.0104 24 125
100.0 0.0053 -0.0104 24 175
100.0 0.0053 -0.0104 24 224
100.0 0.0053 -0.0104 24 274
100.0 0.0053 -0.0104 24 325
100.0 0.0053 -0.0104 24 375
96.8103 -2.2614 16.9647 24 425
16.9002 -0.6437 -0.9649 25 474
34.5612 5.8655 -31.9003 74 25
27.0672 2.714 -18.4553 75 74
25.8068 3.7871 -11.2009 74 125
24.3695 2.2562 -3.4067 75 174
21.8287 4.6553 -0.4138 74 225
21.8854 6.5214 1.7656 75 274
22.3675 6.3998 3.8474 74 325
20.3047 5.5565 3.5324 75 374
14.7044 2.1196 1.5168 75 424
22.275 -1.467 -1.2212 74 475
26.9482 11.8754 -37.2456 125 24
30.6454 5.3414 -30.0605 124 75
81.5014 -17.3322 -24.7635 124 124
43.8045 -0.336 -28.1992 125 174
11.8909 3.1371 -2.702 124 224
11.9743 3.1196 0.3808 124 275
13.6439 3.8199 1.4216 124 325
12.2788 2.1699 1.5542 125 374
15.3338 0.6891 0.9878 125 424
51.1272 -6.4246 1.5084 124 475
69.6474 -7.8089 -31.1556 175 24
66.0332 -7.9776 -27.3909 175 74
56.2629 -5.7153 -26.2377 174 125
50.1752 -2.1884 -19.4018 175 174
42.5313 -4.0354 -8.4133 174 224
40.7117 -4.1302 0.5089 174 275
42.1719 -1.2104 2.1235 175 324
45.3007 -2.3353 6.7186 175 374
33.5272 -2.454 0.4769 175 424
25.7597 -4.4385 0.5779 174 474
76.874 -12.5485 -28.6573 224 24
29.7369 -0.0271 -24.5826 224 75
26.9911 6.6062 -29.5538 224 125
25.009 1.9612 -21.0725 224 174
22.4236 2.5838 -21.2115 225 224
19.7487 -1.46 -9.1987 225 274
15.7454 1.2417 -5.5344 225 324
57.8411 -34.2241 -4.0449 224 375
57.6053 -10.82 -14.4328 224 425
19.263 -4.1414 -7.9154 225 474
49.6528 -2.2872 -32.5647 275 24
31.951 0.6705 -26.7567 275 74
23.9671 1.7891 -23.3942 275 124
53.622 16.5427 -54.2112 275 174
61.2811 -6.1841 -10.4529 275 224
10.3971 0.2253 -12.4525 275 274
76.5297 -15.3754 -23.2662 274 325
59.8497 -0.944 -37.6101 275 374
57.4352 2.5897 -30.0282 274 425
27.7079 -3.2746 -1.1214 274 475
59.0657 -7.5004 -34.4012 325 24
39.3001 -1.2696 -32.9654 324 75
49.7571 -23.1439 -13.2312 325 124
67.2361 -29.8613 -21.8868 324 175
5.6844 -2.0781 -7.0119 324 225
40.5485 -1.7069 -8.3405 324 274
7.837 2.4992 -12.776 324 324
42.7317 13.2035 -38.1397 325 374
37.0595 29.4299 -64.457 325 424
29.8933 -3.2398 -1.1121 324 475
84.6106 -10.8219 -20.9437 375 24
58.0759 -0.2461 -27.9109 374 75
18.6425 2.51 -22.5521 375 124
73.3753 -12.5573 -35.2158 375 174
10.4217 0.0584 -10.9416 374 225
9.9288 0.0987 -10.9794 375 274
11.8989 0.6904 -14.4407 374 325
9.7127 4.7225 -16.4353 374 375
6.5344 -0.1626 -7.2298 374 425
5.8615 -2.1326 -0.0723 375 474
96.1965 -16.8403 -3.416 425 24
83.2298 -15.8309 -23.6754 424 75
70.3456 -9.8374 -31.7363 425 124
61.5164 -4.4515 -35.5712 425 174
34.9201 -1.1918 -17.6754 424 224
43.1662 -2.5494 -22.6112 425 274
42.6963 -0.38 -25.1379 424 324
40.7915 0.3231 -25.1074 424 375
35.0216 -1.6855 -11.8536 424 425
33.509 -4.2376 -2.7736 424 475
100.0 0.0053 -0.0104 474 25
98.5835 -6.7125 -0.7017 474 75
87.9213 -18.0102 -18.608 475 124
73.3693 -10.0418 -28.1074 474 175
59.8862 -7.1086 -24.5901 474 225
48.396 -5.5714 -16.8817 474 275
50.1913 -4.4705 -17.0454 474 325
49.7869 -5.3705 -11.7622 474 375
47.3586 -4.5424 -5.3118 475 424
45.0574 -4.5191 -1.5484 475 474
